12
850
93
46
207
387
309
893
946
564
792
141
166
364
640
9
379
986
245
292
498
260
287
266
371
41
436
424
927
355
727
623
336
377
730
653
952
99
773
437
895
432
303
288
889
349
668
484
208
279
367
628
646
755
586
608
13
187
493
854
418
492
235
545
159
894
395
249
425
771
461
851
297
588
147
747
191
368
434
295
371
71
89
877
78
486
218
976
809
771
534
279
531
707
678
463
593
794
871
298
425
123
710
855
417
361
460
924
270
174
339
970
14
353
626
584
121
429
838
827
670
335
514
804
842
696
623
97
815
901
39
425
506
227
727
714
117
583
475
390
79
636
655
814
112
854
219
220
17
983
742
463
179
0
871
995
912
43
815
872
367
614
267
948
667
507
665
3
398
589
144
942
18
285
829
441
473
38
131
722
525
902
635
271
682
550
373
582
211
916
638
595
626
231
714
118
124
274
243
611
